   26
Rv2228c_1   0.000000  0.259054  1.029356  2.398205  1.984954  2.295271
  2.295271  2.445487  2.485053  2.528435  2.547066  2.606541  2.742042
  2.973421  2.328378  2.450709  2.083226  2.561966  2.561966  2.325011
  2.718560  2.270299  3.029667  2.791091  2.600982  2.239380
ML1637_1    0.259054  0.000000  0.972788  2.375781  1.969011  2.315221
  2.315221  2.384020  2.584558  2.758380  2.329167  2.367283  2.776952
  2.871706  2.008884  2.483830  1.942086  2.410723  2.410723  2.333281
  2.556349  2.294796  2.851838  2.687192  2.651624  2.291036
VNG0255C    1.029356  0.972788  0.000000  1.929254  1.970115  2.128107
  2.128107  2.256897  2.562583  2.438750  2.783582  2.764831  2.619395
  2.661693  1.776425  2.105159  2.015666  1.994770  1.994770  2.249239
  2.777590  2.450447  3.326826  2.090084  2.763181  2.327984
BS_ypdQ     2.398205  2.375781  1.929254  0.000000  0.912046  2.560084
  2.560084  2.232654  2.779051  2.543537  2.601255  2.568540  2.536788
  2.788723  2.509311  2.570436  2.640403  2.453283  2.453283  2.692738
  2.871103  2.770039  3.220136  2.346753  2.525803  3.197397
BH1770      1.984954  1.969011  1.970115  0.912046  0.000000  2.137039
  2.137039  2.198104  2.431282  2.383343  2.600917  2.503142  2.550881
  2.862904  2.546106  2.674195  2.124308  2.185340  2.185340  2.714603
  2.784267  2.263296  2.524648  2.858930  2.474089  2.836721
rnhA        2.295271  2.315221  2.128107  2.560084  2.137039  0.000000
  0.000010  0.343365  0.508177  0.500275  0.798815  0.792278  0.889657
  0.728134  0.659857  0.655471  0.572715  0.672664  0.671070  0.939218
  0.987800  0.956458  1.072183  1.515508  2.060821  3.557842
ZrnhA       2.295271  2.315221  2.128107  2.560084  2.137039  0.000010
  0.000000  0.343365  0.508177  0.500275  0.798815  0.792278  0.889657
  0.728134  0.659857  0.655471  0.572715  0.672664  0.671070  0.939218
  0.987800  0.956458  1.072183  1.515508  2.060821  3.557842
VC2234      2.445487  2.384020  2.256897  2.232654  2.198104  0.343365
  0.343365  0.000000  0.514926  0.529224  0.920127  0.913699  1.018410
  0.780674  0.803474  0.671625  0.635837  0.756760  0.755113  0.886850
  1.007059  1.018266  1.071174  1.420576  2.131502  3.816799
HI0138      2.485053  2.584558  2.562583  2.779051  2.431282  0.508177
  0.508177  0.514926  0.000000  0.181618  0.800539  0.783853  0.989159
  0.930700  0.966334  0.801904  0.684825  0.716657  0.731446  1.140145
  1.003162  1.073158  1.017244  1.702489  2.050220  3.769425
PM0107      2.528435  2.758380  2.438750  2.543537  2.383343  0.500275
  0.500275  0.529224  0.181618  0.000000  0.788498  0.783844  0.978933
  0.850333  0.951768  0.865529  0.714462  0.732097  0.732530  1.124074
  0.989311  1.088707  1.119718  1.605120  2.169780  3.870525
jhp0606     2.547066  2.329167  2.783582  2.601255  2.600917  0.798815
  0.798815  0.920127  0.800539  0.788498  0.000000  0.050660  0.724303
  0.925622  1.032937  1.068390  1.001812  1.032639  1.032639  1.320352
  1.121191  1.333305  0.912712  1.838705  1.993755  3.369248
HP0661      2.606541  2.367283  2.764831  2.568540  2.503142  0.792278
  0.792278  0.913699  0.783853  0.783844  0.050660  0.000000  0.724766
  0.906437  1.011206  1.031170  0.968812  1.011244  1.011244  1.297989
  1.098089  1.307876  0.874129  1.764015  1.996925  3.506434
Cj1636c     2.742042  2.776952  2.619395  2.536788  2.550881  0.889657
  0.889657  1.018410  0.989159  0.978933  0.724303  0.724766  0.000000
  0.850520  1.146585  1.091840  0.954497  1.087534  1.087534  1.478489
  1.426006  1.325935  1.126593  1.645912  2.352189  4.472301
XF2158      2.973421  2.871706  2.661693  2.788723  2.862904  0.728134
  0.728134  0.780674  0.930700  0.850333  0.925622  0.906437  0.850520
  0.000000  0.715830  0.731656  0.775289  0.810032  0.795720  1.004894
  1.169283  1.195898  1.107468  1.523790  2.126788  3.724791
CC3365      2.328378  2.008884  1.776425  2.509311  2.546106  0.659857
  0.659857  0.803474  0.966334  0.951768  1.032937  1.011206  1.146585
  0.715830  0.000000  0.512043  0.557325  0.602478  0.600848  0.934056
  0.863462  1.066073  1.056962  1.433085  2.337616  3.997152
PA1815      2.450709  2.483830  2.105159  2.570436  2.674195  0.655471
  0.655471  0.671625  0.801904  0.865529  1.068390  1.031170  1.091840
  0.731656  0.512043  0.000000  0.564183  0.583666  0.596886  0.965854
  0.854136  1.072810  1.001800  1.442059  1.933384  3.821149
mlr7504     2.083226  1.942086  2.015666  2.640403  2.124308  0.572715
  0.572715  0.635837  0.684825  0.714462  1.001812  0.968812  0.954497
  0.775289  0.557325  0.564183  0.000000  0.581146  0.579598  0.992853
  0.801073  1.028394  0.972957  1.395866  2.054046  3.716959
NMB1618     2.561966  2.410723  1.994770  2.453283  2.185340  0.672664
  0.672664  0.756760  0.716657  0.732097  1.032639  1.011244  1.087534
  0.810032  0.602478  0.583666  0.581146  0.000000  0.007066  0.851156
  0.917519  1.040290  0.807596  1.506455  2.146547  4.333666
NMA1817     2.561966  2.410723  1.994770  2.453283  2.185340  0.671070
  0.671070  0.755113  0.731446  0.732530  1.032639  1.011244  1.087534
  0.795720  0.600848  0.596886  0.579598  0.007066  0.000000  0.836228
  0.928384  1.023443  0.823949  1.505732  2.172724  4.333666
TP0353      2.325011  2.333281  2.249239  2.692738  2.714603  0.939218
  0.939218  0.886850  1.140145  1.124074  1.320352  1.297989  1.478489
  1.004894  0.934056  0.965854  0.992853  0.851156  0.836228  0.000000
  1.273814  1.205549  1.103772  1.603335  2.176460  3.558378
RP726       2.718560  2.556349  2.777590  2.871103  2.784267  0.987800
  0.987800  1.007059  1.003162  0.989311  1.121191  1.098089  1.426006
  1.169283  0.863462  0.854136  0.801073  0.917519  0.928384  1.273814
  0.000000  1.201299  1.125680  1.700155  2.234683  4.055622
slr0080     2.270299  2.294796  2.450447  2.770039  2.263296  0.956458
  0.956458  1.018266  1.073158  1.088707  1.333305  1.307876  1.325935
  1.195898  1.066073  1.072810  1.028394  1.040290  1.023443  1.205549
  1.201299  0.000000  1.064925  1.555284  2.795654  3.373837
DR0899      3.029667  2.851838  3.326826  3.220136  2.524648  1.072183
  1.072183  1.071174  1.017244  1.119718  0.912712  0.874129  1.126593
  1.107468  1.056962  1.001800  0.972957  0.807596  0.823949  1.103772
  1.125680  1.064925  0.000000  1.777106  2.607189  3.349372
VC0498      2.791091  2.687192  2.090084  2.346753  2.858930  1.515508
  1.515508  1.420576  1.702489  1.605120  1.838705  1.764015  1.645912
  1.523790  1.433085  1.442059  1.395866  1.506455  1.505732  1.603335
  1.700155  1.555284  1.777106  0.000000  2.427738  4.925278
YMR234w_2   2.600982  2.651624  2.763181  2.525803  2.474089  2.060821
  2.060821  2.131502  2.050220  2.169780  1.993755  1.996925  2.352189
  2.126788  2.337616  1.933384  2.054046  2.146547  2.172724  2.176460
  2.234683  2.795654  2.607189  2.427738  0.000000  3.830639
sll0980_1   2.239380  2.291036  2.327984  3.197397  2.836721  3.557842
  3.557842  3.816799  3.769425  3.870525  3.369248  3.506434  4.472301
  3.724791  3.997152  3.821149  3.716959  4.333666  4.333666  3.558378
  4.055622  3.373837  3.349372  4.925278  3.830639  0.000000
