   38
jhp1243     0.000000  0.070856  1.194529  1.692092  1.715464  1.578011
  1.522597  1.969869  1.531175  1.350372  1.810895  1.807519  1.920525
  1.459972  1.449788  1.451624  1.372292  1.314984  1.250660  1.328773
  1.183880  1.200639  1.427553  2.039726  1.830987  1.543246  1.276110
  1.594551  2.015465  1.767842  2.572186  2.503888  2.654459  2.665775
  2.618268  2.373908  2.351695  2.781672
HP1323      0.070856  0.000000  1.219953  1.762993  1.778694  1.667003
  1.649238  1.983726  1.615553  1.423239  1.899598  1.908113  2.009808
  1.576995  1.508206  1.510162  1.390556  1.399761  1.342143  1.425309
  1.235843  1.253360  1.522662  2.043097  1.946332  1.614623  1.357631
  1.628802  2.069155  1.819908  2.647412  2.615612  2.665154  2.665212
  2.603848  2.431658  2.404088  2.804495
Cj0010c     1.194529  1.219953  0.000000  1.586262  1.463179  1.410873
  1.564271  1.648772  1.625571  1.619600  1.576984  1.653649  1.922147
  1.766472  1.529257  1.549711  1.512373  1.424932  1.539876  1.525492
  1.285011  1.306253  1.461719  1.826082  1.804210  1.547404  1.494078
  1.305930  1.734543  2.308987  2.264319  2.062033  2.589828  2.285034
  2.133104  2.255413  2.211414  2.576261
L0320       1.692092  1.762993  1.586262  0.000000  0.533099  0.910240
  0.911038  1.117649  1.029188  0.917018  1.528532  1.601120  1.403738
  1.284632  0.880127  0.880168  0.970531  0.980284  0.988866  0.947840
  1.107566  1.087801  1.139919  1.313205  1.129024  0.943737  0.986641
  1.316686  2.007147  2.071315  2.016488  1.966149  2.401357  2.379606
  2.105894  2.067824  2.082736  2.229355
SPy1162     1.715464  1.778694  1.463179  0.533099  0.000000  0.786402
  0.843775  0.930767  1.139872  1.010221  1.507529  1.594853  1.458294
  1.229179  1.012851  1.025465  1.109264  0.975130  1.060745  1.017393
  1.231145  1.209287  1.262616  1.497577  1.114128  0.991729  1.036500
  1.129476  2.210845  2.247865  2.211515  2.202807  2.649156  2.555401
  2.084917  2.263407  2.214301  2.660093
BS_rnh      1.578011  1.667003  1.410873  0.910240  0.786402  0.000000
  0.806982  0.940731  0.936599  0.970080  1.396521  1.483962  1.434153
  1.158381  0.917491  0.929592  0.988214  0.929127  0.948474  0.970667
  0.886482  0.867284  1.082591  1.291409  1.107493  0.959116  0.904001
  1.204080  2.045766  2.011623  2.183723  2.046869  2.343543  2.418743
  2.073572  2.262564  2.223926  2.621132
BH2475      1.522597  1.649238  1.564271  0.911038  0.843775  0.806982
  0.000000  1.103210  1.083355  1.045214  1.322596  1.379429  1.258130
  1.138223  0.971473  0.984018  1.054964  1.002233  0.947645  0.922072
  0.897178  0.889984  0.987991  1.246535  1.178899  0.996072  0.930151
  1.345200  1.985915  1.944085  2.127672  1.946962  2.467099  2.250179
  2.566154  2.012159  2.135707  2.709014
aq_1955     1.969869  1.983726  1.648772  1.117649  0.930767  0.940731
  1.103210  0.000000  1.253218  1.198248  1.656467  1.640125  1.328046
  1.348111  1.147031  1.162018  1.118892  1.090668  1.117535  1.097793
  1.253733  1.229689  1.432878  1.378206  1.528233  1.077841  1.333830
  1.459458  2.189594  2.060067  2.056802  1.848213  2.289550  2.396853
  1.946941  2.383554  2.077639  2.723781
CT029       1.531175  1.615553  1.625571  1.029188  1.139872  0.936599
  1.083355  1.253218  0.000000  0.530174  1.210960  1.285339  1.346773
  1.062536  1.074990  1.088456  1.057658  1.070462  1.051539  1.095178
  1.126142  1.152000  1.081956  1.188688  1.208396  1.126402  1.022040
  1.304106  2.145198  1.948564  2.021118  1.843922  2.730753  2.888900
  2.374039  2.117691  2.126131  2.782867
CPn0119     1.350372  1.423239  1.619600  0.917018  1.010221  0.970080
  1.045214  1.198248  0.530174  0.000000  1.277072  1.319061  1.309339
  0.922945  1.092431  1.087058  1.206167  1.105443  1.031031  1.005041
  1.037618  1.046744  1.185401  1.304137  1.088854  0.933703  0.997162
  1.335754  2.061203  2.124165  2.111562  1.863522  2.621909  2.516850
  2.180083  2.179476  1.943289  2.629699
Rv2902c     1.810895  1.899598  1.576984  1.528532  1.507529  1.396521
  1.322596  1.656467  1.210960  1.277072  0.000000  0.250140  1.089635
  1.046767  1.044917  1.049241  1.126029  1.154464  1.090795  0.912969
  1.155606  1.147062  1.128965  1.227798  1.326542  1.803117  1.429194
  1.549987  2.294403  2.102139  2.309052  2.083071  2.771472  2.725019
  2.860194  2.210194  1.889210  2.846001
ML1611      1.807519  1.908113  1.653649  1.601120  1.594853  1.483962
  1.379429  1.640125  1.285339  1.319061  0.250140  0.000000  1.112444
  1.067087  1.043041  1.047430  1.147906  1.067577  1.049175  0.880750
  1.196079  1.187251  1.062840  1.306987  1.413296  1.562153  1.393816
  1.530421  2.551156  2.264688  2.308696  2.186030  2.912284  2.938350
  2.866599  2.276904  2.021767  2.559388
DR1949      1.920525  2.009808  1.922147  1.403738  1.458294  1.434153
  1.258130  1.328046  1.346773  1.309339  1.089635  1.112444  0.000000
  1.087792  1.200698  1.195179  1.239048  1.169590  1.104942  1.087470
  1.191723  1.169204  1.187109  1.459616  1.459515  1.434828  1.411179
  1.927560  2.173882  2.026372  2.308346  1.972203  2.993968  3.160207
  3.066196  2.307507  2.153756  2.713011
CC0379      1.459972  1.576995  1.766472  1.284632  1.229179  1.158381
  1.138223  1.348111  1.062536  0.922945  1.046767  1.067087  1.087792
  0.000000  0.824342  0.825110  0.959066  0.833097  0.824582  0.659327
  0.879905  0.886691  1.098342  1.113767  1.215064  1.047544  1.209589
  1.431412  2.580856  2.338287  2.285423  2.055549  2.826876  2.548632
  2.500137  2.119580  2.120132  2.596184
rnhB        1.449788  1.508206  1.529257  0.880127  1.012851  0.917491
  0.971473  1.147031  1.074990  1.092431  1.044917  1.043041  1.200698
  0.824342  0.000000  0.005017  0.392554  0.381479  0.382344  0.469621
  0.680322  0.670873  0.742742  1.122119  1.086461  0.964261  1.001329
  1.276569  2.182438  1.929194  2.004213  1.751052  2.252697  2.378228
  2.307856  1.833169  1.611664  2.157304
ZrnhB       1.451624  1.510162  1.549711  0.880168  1.025465  0.929592
  0.984018  1.162018  1.088456  1.087058  1.049241  1.047430  1.195179
  0.825110  0.005017  0.000000  0.393718  0.380117  0.381001  0.471087
  0.677626  0.668234  0.752817  1.127074  1.081271  0.964444  1.014828
  1.270833  2.167276  1.916728  2.020496  1.763354  2.272912  2.401201
  2.305600  1.845610  1.634540  2.175154
VC2246      1.372292  1.390556  1.512373  0.970531  1.109264  0.988214
  1.054964  1.118892  1.057658  1.206167  1.126029  1.147906  1.239048
  0.959066  0.392554  0.393718  0.000000  0.436795  0.479855  0.653280
  0.732836  0.733018  0.824490  1.033780  1.251733  0.948920  1.132940
  1.087059  2.106599  1.824698  2.058722  1.885559  2.379310  2.365482
  2.410947  2.098736  1.615830  2.175928
HI1059      1.314984  1.399761  1.424932  0.980284  0.975130  0.929127
  1.002233  1.090668  1.070462  1.105443  1.154464  1.067577  1.169590
  0.833097  0.381479  0.380117  0.436795  0.000000  0.225755  0.569420
  0.652947  0.638177  0.894883  1.119838  1.140221  0.926109  1.125905
  1.050223  2.054950  1.916843  1.958124  1.826457  2.435261  2.470889
  2.153757  1.946153  1.961420  2.415892
PM1998      1.250660  1.342143  1.539876  0.988866  1.060745  0.948474
  0.947645  1.117535  1.051539  1.031031  1.090795  1.049175  1.104942
  0.824582  0.382344  0.381001  0.479855  0.225755  0.000000  0.488169
  0.643521  0.628660  0.815849  1.127061  1.137347  0.892647  1.121292
  1.117679  2.163046  1.873208  2.066606  1.894886  2.306693  2.457458
  2.198139  2.247655  1.903822  2.401663
PA3642      1.328773  1.425309  1.525492  0.947840  1.017393  0.970667
  0.922072  1.097793  1.095178  1.005041  0.912969  0.880750  1.087470
  0.659327  0.469621  0.471087  0.653280  0.569420  0.488169  0.000000
  0.735374  0.719087  0.735576  0.979546  1.052966  0.867354  1.020626
  1.180304  2.125946  2.076648  1.953793  1.880472  2.520129  2.392331
  2.373144  2.041254  1.771679  2.087280
NMB0192     1.183880  1.235843  1.285011  1.107566  1.231145  0.886482
  0.897178  1.253733  1.126142  1.037618  1.155606  1.196079  1.191723
  0.879905  0.680322  0.677626  0.732836  0.652947  0.643521  0.735374
  0.000000  0.010191  0.906815  1.150125  1.157468  0.994300  1.026889
  1.252292  1.949203  1.977917  2.083631  2.024090  2.387543  2.322528
  2.378680  1.998873  2.021375  2.380241
NMA0075     1.200639  1.253360  1.306253  1.087801  1.209287  0.867284
  0.889984  1.229689  1.152000  1.046744  1.147062  1.187251  1.169204
  0.886691  0.670873  0.668234  0.733018  0.638177  0.628660  0.719087
  0.010191  0.000000  0.890181  1.149574  1.143188  0.994136  1.024323
  1.270440  1.978750  2.006986  2.110237  2.055837  2.403196  2.354919
  2.367487  2.024290  2.003345  2.401406
XF1041      1.427553  1.522662  1.461719  1.139919  1.262616  1.082591
  0.987991  1.432878  1.081956  1.185401  1.128965  1.062840  1.187109
  1.098342  0.742742  0.752817  0.824490  0.894883  0.815849  0.735576
  0.906815  0.890181  0.000000  1.075747  1.324365  1.259288  1.091947
  1.342964  2.544624  2.004920  1.902270  1.734460  2.648041  2.701973
  2.725029  2.227873  2.104315  2.704387
mll7416     2.039726  2.043097  1.826082  1.313205  1.497577  1.291409
  1.246535  1.378206  1.188688  1.304137  1.227798  1.306987  1.459616
  1.113767  1.122119  1.127074  1.033780  1.119838  1.127061  0.979546
  1.150125  1.149574  1.075747  0.000000  1.264432  1.092845  1.108732
  1.304829  2.228126  2.009470  2.296805  2.221965  2.512575  2.536302
  2.654248  1.799333  2.106972  2.685084
slr1130     1.830987  1.946332  1.804210  1.129024  1.114128  1.107493
  1.178899  1.528233  1.208396  1.088854  1.326542  1.413296  1.459515
  1.215064  1.086461  1.081271  1.251733  1.140221  1.137347  1.052966
  1.157468  1.143188  1.324365  1.264432  0.000000  1.141683  1.286117
  1.353774  2.002367  2.064542  1.971189  2.007849  2.613883  2.449933
  2.349406  2.055641  2.010409  2.532136
TM0915      1.543246  1.614623  1.547404  0.943737  0.991729  0.959116
  0.996072  1.077841  1.126402  0.933703  1.803117  1.562153  1.434828
  1.047544  0.964261  0.964444  0.948920  0.926109  0.892647  0.867354
  0.994300  0.994136  1.259288  1.092845  1.141683  0.000000  0.844085
  0.992054  1.784564  2.106766  1.793634  1.730444  2.144801  2.140308
  2.130091  1.952528  1.870249  2.576023
RP202       1.276110  1.357631  1.494078  0.986641  1.036500  0.904001
  0.930151  1.333830  1.022040  0.997162  1.429194  1.393816  1.411179
  1.209589  1.001329  1.014828  1.132940  1.125905  1.121292  1.020626
  1.026889  1.024323  1.091947  1.108732  1.286117  0.844085  0.000000
  1.100801  1.808832  1.888468  1.716460  1.653150  2.324943  1.945990
  1.939742  1.931210  1.876421  2.058953
BB0046      1.594551  1.628802  1.305930  1.316686  1.129476  1.204080
  1.345200  1.459458  1.304106  1.335754  1.549987  1.530421  1.927560
  1.431412  1.276569  1.270833  1.087059  1.050223  1.117679  1.180304
  1.252292  1.270440  1.342964  1.304829  1.353774  0.992054  1.100801
  0.000000  2.137979  2.127887  2.201058  2.180831  2.504909  1.936262
  2.028443  2.362135  2.448254  2.045111
AF0621      2.015465  2.069155  1.734543  2.007147  2.210845  2.045766
  1.985915  2.189594  2.145198  2.061203  2.294403  2.551156  2.173882
  2.580856  2.182438  2.167276  2.106599  2.054950  2.163046  2.125946
  1.949203  1.978750  2.544624  2.228126  2.002367  1.784564  1.808832
  2.137979  0.000000  0.859750  0.958486  0.896880  1.088685  0.997312
  1.326306  1.227600  1.233574  2.028872
MTH1023     1.767842  1.819908  2.308987  2.071315  2.247865  2.011623
  1.944085  2.060067  1.948564  2.124165  2.102139  2.264688  2.026372
  2.338287  1.929194  1.916728  1.824698  1.916843  1.873208  2.076648
  1.977917  2.006986  2.004920  2.009470  2.064542  2.106766  1.888468
  2.127887  0.859750  0.000000  1.030153  0.960066  1.157202  1.226825
  1.179457  1.251623  1.377050  1.685951
PH1650      2.572186  2.647412  2.264319  2.016488  2.211515  2.183723
  2.127672  2.056802  2.021118  2.111562  2.309052  2.308696  2.308346
  2.285423  2.004213  2.020496  2.058722  1.958124  2.066606  1.953793
  2.083631  2.110237  1.902270  2.296805  1.971189  1.793634  1.716460
  2.201058  0.958486  1.030153  0.000000  0.374051  1.263456  1.262573
  1.231881  1.441555  1.397488  1.807810
PAB0352     2.503888  2.615612  2.062033  1.966149  2.202807  2.046869
  1.946962  1.848213  1.843922  1.863522  2.083071  2.186030  1.972203
  2.055549  1.751052  1.763354  1.885559  1.826457  1.894886  1.880472
  2.024090  2.055837  1.734460  2.221965  2.007849  1.730444  1.653150
  2.180831  0.896880  0.960066  0.374051  0.000000  1.266732  1.142020
  1.187108  1.436653  1.326858  1.907017
Ta1458      2.654459  2.665154  2.589828  2.401357  2.649156  2.343543
  2.467099  2.289550  2.730753  2.621909  2.771472  2.912284  2.993968
  2.826876  2.252697  2.272912  2.379310  2.435261  2.306693  2.520129
  2.387543  2.403196  2.648041  2.512575  2.613883  2.144801  2.324943
  2.504909  1.088685  1.157202  1.263456  1.266732  0.000000  0.569576
  1.138186  1.583621  1.564478  2.048937
TVN0133     2.665775  2.665212  2.285034  2.379606  2.555401  2.418743
  2.250179  2.396853  2.888900  2.516850  2.725019  2.938350  3.160207
  2.548632  2.378228  2.401201  2.365482  2.470889  2.457458  2.392331
  2.322528  2.354919  2.701973  2.536302  2.449933  2.140308  1.945990
  1.936262  0.997312  1.226825  1.262573  1.142020  0.569576  0.000000
  1.226732  1.697208  1.685339  2.060148
MJ0135      2.618268  2.603848  2.133104  2.105894  2.084917  2.073572
  2.566154  1.946941  2.374039  2.180083  2.860194  2.866599  3.066196
  2.500137  2.307856  2.305600  2.410947  2.153757  2.198139  2.373144
  2.378680  2.367487  2.725029  2.654248  2.349406  2.130091  1.939742
  2.028443  1.326306  1.179457  1.231881  1.187108  1.138186  1.226732
  0.000000  1.460762  1.557565  1.905787
VNG1984G    2.373908  2.431658  2.255413  2.067824  2.263407  2.262564
  2.012159  2.383554  2.117691  2.179476  2.210194  2.276904  2.307507
  2.119580  1.833169  1.845610  2.098736  1.946153  2.247655  2.041254
  1.998873  2.024290  2.227873  1.799333  2.055641  1.952528  1.931210
  2.362135  1.227600  1.251623  1.441555  1.436653  1.583621  1.697208
  1.460762  0.000000  1.434730  2.152215
APE0496     2.351695  2.404088  2.211414  2.082736  2.214301  2.223926
  2.135707  2.077639  2.126131  1.943289  1.889210  2.021767  2.153756
  2.120132  1.611664  1.634540  1.615830  1.961420  1.903822  1.771679
  2.021375  2.003345  2.104315  2.106972  2.010409  1.870249  1.876421
  2.448254  1.233574  1.377050  1.397488  1.326858  1.564478  1.685339
  1.557565  1.434730  0.000000  2.037557
YNL072w     2.781672  2.804495  2.576261  2.229355  2.660093  2.621132
  2.709014  2.723781  2.782867  2.629699  2.846001  2.559388  2.713011
  2.596184  2.157304  2.175154  2.175928  2.415892  2.401663  2.087280
  2.380241  2.401406  2.704387  2.685084  2.532136  2.576023  2.058953
  2.045111  2.028872  1.685951  1.807810  1.907017  2.048937  2.060148
  1.905787  2.152215  2.037557  0.000000
